# Created by Octave 3.6.4, Thu Dec 26 17:16:15 2013 India Standard Time <unknown@SPINTO-LT>
# name: A
# type: matrix
# rows: 1
# columns: 128
 0 18 29 36 42 47 51 54 57 60 62 65 67 69 70 72 74 75 76 78 79 80 81 83 84 85 86 87 87 88 89 90 91 92 92 93 94 94 95 96 96 97 98 98 99 99 100 101 101 102 102 103 103 104 104 105 105 105 106 106 107 107 108 108 108 109 109 110 110 110 111 111 111 112 112 112 113 113 113 114 114 114 115 115 115 116 116 116 117 117 117 117 118 118 118 119 119 119 119 120 120 120 120 121 121 121 121 122 122 122 122 123 123 123 123 123 124 124 124 124 125 125 125 125 125 126 126 126


