# Created by Octave 3.6.4, Tue Jan 07 22:15:57 2014 India Standard Time <unknown@SPINTO-LT>
# name: C
# type: matrix
# rows: 1
# columns: 128
 0 20 32 40 46 52 56 60 63 66 69 72 74 76 78 80 82 83 85 86 88 89 90 92 93 94 95 96 97 98 99 100 101 102 103 103 104 105 106 106 107 108 109 109 110 110 111 112 112 113 113 114 115 115 116 116 117 117 118 118 119 119 120 120 120 121 121 122 122 123 123 123 124 124 125 125 125 126 126 126 127 127 127 127 127 127 127 127 127 127 127 127 127 127 127 127 127 127 127 127 127 127 127 127 127 127 127 127 127 127 127 127 127 127 127 127 127 127 127 127 127 127 127 127 127 127 127 127


