# Created by Octave 3.6.4, Wed Jan 15 15:28:15 2014 India Standard Time <unknown@SPINTO-LT>
# name: ww
# type: scalar
127


