# Created by Octave 3.6.4, Wed Jan 15 15:28:15 2014 India Standard Time <unknown@SPINTO-LT>
# name: xx
# type: matrix
# rows: 1
# columns: 64
 124 43 80 43 -24 80 45 5 73 9 52 127 17 23 17 -46 73 75 12 73 3 1 83 -16 -12 29 -25 79 88 -17 25 -25 -37 76 10 0 58 -13 50 68 -49 1 2 -10 111 52 -3 50 -23 21 78 -22 31 62 21 113 54 -33 38 0 39 125 24 40


